# DATA=JCOUPLINGS	
resid_1-5 10.71032396875 2.5980136829362417	9.111786
resid_1-9 16.335152656250003 3.8654026609382086	12.637945
resid_1-13 17.5221519375 4.661767489445325	15.101156
resid_1-17 18.666384375 3.982781008299156	16.966444
resid_1-21 19.18752903125 3.9104617079911312	18.784119
resid_1-25 19.2112178125 4.174084055184475	20.033413
resid_1-29 18.4395930625 4.58211706451476	21.409164
resid_1-33 18.15806134375 4.291712252003251	22.753683
resid_1-37 18.5322569375 4.255047396610889	23.835913
resid_1-41 18.24433590625 4.491179736642825	25.116747
resid_5-9 10.1664024375 2.416586766067935	8.604625
resid_5-13 15.33887696875 4.56132201131109	12.185798
resid_5-17 17.669690625 4.177354362127669	14.597404
resid_5-21 19.039417156250003 4.075187952876483	16.70361
resid_5-25 19.23181321875 4.197363630780105	18.22048
resid_5-29 18.56219346875 4.499646352725208	19.743647
resid_5-33 18.32740715625 4.183772255917858	21.148325
resid_5-37 18.30589934375 4.257875634702699	22.324001
resid_5-41 17.9260978125 4.515464775475248	23.708416
resid_9-13 10.95246384375 2.521309324409997	8.589395
resid_9-17 15.38716528125 4.419858594920896	12.039812
resid_9-21 17.89327071875 4.778409958615328	14.58708
resid_9-25 19.45378965625 3.8695762954966426	16.382902
resid_9-29 18.92539834375 4.17117743162849	18.006968
resid_9-33 17.74902246875 4.31522006591602	19.586561
resid_9-37 17.45719846875 4.3629396425828615	20.931946
resid_9-41 17.69409403125 4.690545632260946	22.42059
resid_13-17 10.495389531249998 2.7709746491574485	9.231028
resid_13-21 17.3326400625 4.546259411179902	12.594174
resid_13-25 19.91641284375 3.426192182851607	14.838904
resid_13-29 19.45896746875 3.661915025320529	16.7174
resid_13-33 16.60707371875 4.156124697477155	18.377102
resid_13-37 15.748360375 4.687597585349736	19.799084
resid_13-41 17.4796525 4.575585887470453	21.35282
resid_17-21 12.01397190625 2.88549327111877	9.078804
resid_17-25 18.51441278125 3.7260438333053902	12.240054
resid_17-29 17.242750718750003 3.901546612361441	14.661353
resid_17-33 11.62102728125 4.499763219001199	16.519121
resid_17-37 12.38379465625 4.387841452026612	18.095835
resid_17-41 14.57805021875 4.433944916849754	19.802614
resid_21-25 10.266912125 2.403968055459272	8.909286
resid_21-29 11.48234428125 4.015795989210929	12.159942
resid_21-33 9.81230934375 4.158432837481629	14.543097
resid_21-37 15.2042733125 3.985065712891808	16.427824
resid_21-41 13.24194128125 4.131023354389688	18.311626
resid_25-29 8.6221996875 2.111210685054292	8.335922
resid_25-33 14.22502090625 3.543304604802484	11.732105
resid_25-37 19.14564653125 3.5951233890732457	14.012924
resid_25-41 15.51384546875 4.365437399475259	16.296078
resid_29-33 11.39682728125 2.105774229571176	8.147793
resid_29-37 18.02137525 3.992279560956116	11.45261
resid_29-41 12.4088253125 4.823979060198572	14.39799
resid_33-37 10.5128515 2.4505153756966878	7.8452225
resid_33-41 11.18183634375 4.263540690652485	11.976352
resid_37-41 11.64727909375 2.068335000007272	8.833791
